learning rate, 50 hidden, 20 epochs
.01
0.25190, 0.23124, 0.22729, 0.22446, 0.21785, 0.20769, 0.20367, 0.19866, 0.19338, 0.18765, 0.18428, 0.18251, 0.18039, 0.18047, 0.17855, 0.17731, 0.17720, 0.17555, 0.17491, 0.17382
.1
0.18179, 0.15240, 0.14021, 0.13381, 0.12976, 0.12589, 0.12274, 0.12011, 0.11787, 0.11596, 0.11415, 0.11319, 0.11142, 0.11043, 0.10922, 0.10827, 0.10721, 0.10619, 0.10524, 0.10432
.2
0.16243, 0.14336, 0.13142, 0.12599, 0.11985, 0.11635, 0.11360, 0.11082, 0.10891, 0.10689, 0.10455, 0.10307, 0.10229, 0.10086, 0.09934, 0.09915, 0.09761, 0.09770, 0.09714, 0.09631
.5
0.16370, 0.14632, 0.13813, 0.13377, 0.12985, 0.12386, 0.12258, 0.11992, 0.11765, 0.11595, 0.11456, 0.11268, 0.11283, 0.11062, 0.11037, 0.10837, 0.10817, 0.10836, 0.10640, 0.10574
1
0.18568, 0.16445, 0.15315, 0.14473, 0.13879, 0.13431, 0.13302, 0.12946, 0.13021, 0.12199, 0.12878, 0.12176, 0.12088, 0.11911, 0.11577, 0.11534, 0.11363, 0.11415, 0.11296, 0.10941